0 -1.000301822240635 -0.001941801579711303 0 -0.0008877894494360403 -1.007548172885801 0.009881832103353539
0.01 -1.000330496538791 -0.00201160988842501 9.877770669298659E-05 -0.0008923380683677496 -1.007051665797138 0.009869866793096805
0.01941003552172117 -1.000358124497719 -0.002072653538536285 0.000191524181634085 -0.0008943536164389751 -1.006615872006257 0.009839640724473719
0.02932492193492815 -1.000387844011393 -0.002132400259203826 0.0002888580570999126 -0.0008944390466972305 -1.006186849924687 0.009791792490757215
0.03973626883536509 -1.000419655475284 -0.002190397758845594 0.0003904796871562603 -0.00089259528392029 -1.005766701074062 0.00972737335275646
0.05071618478391433 -1.000453800519412 -0.002246628701014212 0.0004968543682258793 -0.0008888169734701827 -1.005354130775519 0.009646966273249596
0.06228655657746324 -1.000490365330093 -0.002300749307472046 0.0006079298983202793 -0.0008831036937486561 -1.004949928494214 0.009551398279755149
0.07450555220014443 -1.000529545453636 -0.002352550241705951 0.0007239734361568855 -0.0008754399379529526 -1.004553589395132 0.009441171376458181
0.08744089453357566 -1.000571564219346 -0.002401783079028656 0.0008453000938479499 -0.000865795888346559 -1.004164510953835 0.009316605493209514
0.1011323223698661 -1.000616547122485 -0.002448023398623178 0.0009719169554869622 -0.0008541610424814193 -1.00378306228576 0.009178229577576113
0.1156585180033608 -1.000664736499104 -0.00249091610353755 0.001104142558328147 -0.0008404956549901971 -1.00340859502821 0.00902613928110073
0.1310930072421436 -1.000716345062837 -0.002529992658227832 0.00124218195501097 -0.0008247643993784436 -1.003040815367037 0.008860420313829026
0.1475216151150457 -1.000771608492752 -0.002564717805800472 0.001386275696865572 -0.000806924090750075 -1.002679319567753 0.00868097802193538
0.165001811817156 -1.000830642363752 -0.002594405833173941 0.001536336388204494 -0.0007869724244603747 -1.00232445184315 0.008487987058535304
0.1835760862668461 -1.000893479224115 -0.0026182962022482 0.001692080378562138 -0.0007649427064798704 -1.001976804893373 0.008281752889261269
0.2033129074562282 -1.000960200984042 -0.002635614041135618 0.001853369641963372 -0.0007408572835264061 -1.001636433309958 0.008062243135577876
0.2242816934158139 -1.001030847128875 -0.002645513020224931 0.002019982299307766 -0.0007147563372846518 -1.00130342437891 0.007829352033142651
0.246552045150205 -1.001105403489584 -0.002647077155757033 0.002191598381615353 -0.0006867008881541973 -1.000977910938434 0.007582901655334444
0.2702082381288101 -1.001183840580308 -0.002639317350366161 0.002367897642890575 -0.0006567560386667818 -1.000659886720683 0.007322475800983196
0.2953254468537475 -1.001266022599088 -0.002621170075264508 0.002548362957385974 -0.0006250223275321733 -1.000349571015585 0.007047678359507668
0.3219704292455326 -1.00135169966208 -0.002591522047417062 0.002732286168809623 -0.0005916355155891256 -1.000047356748081 0.006758118360409015
0.350217433368476 -1.001440547967719 -0.00254920915543195 0.002918871871532246 -0.0005567457655010184 -0.99975362580445 0.006453232656649544
0.3801011639384025 -1.001532012678905 -0.002493111198402456 0.003106925473963117 -0.0005205727868838712 -0.9994692298937862 0.006132790808411436
0.4116368392901915 -1.001625374080957 -0.002422191370085385 0.003295022260716405 -0.0004833729108323413 -0.9991951848196103 0.005796671954802543
0.4448494143989191 -1.001719833791211 -0.002335465297958339 0.003481692582242863 -0.0004453960370220853 -0.9989324159424107 0.005444559057278666
0.4796495228685302 -1.00181417713338 -0.002232389390483001 0.003664768551096473 -0.0004070136353296391 -0.9986826834702183 0.005077261812802707
0.5162045935377644 -1.001907780500692 -0.002111785592157488 0.003843337853003058 -0.0003682996039359237 -0.9984459480245617 0.004692816690024495
0.5544554653829826 -1.001999288264153 -0.001973269094308365 0.004015166083318944 -0.0003295572965720386 -0.9982239263205823 0.004291610604045026
0.5944036728324286 -1.002087412408464 -0.001816465161242061 0.004178252154844428 -0.0002909867434121972 -0.9980179690235164 0.003873364226626938
0.6359527330143707 -1.002170582538341 -0.001641629704998441 0.004330158253786632 -0.0002528298633373464 -0.9978299583880437 0.003438819709142606
0.6792144522382649 -1.002247575039733 -0.001448393411061714 0.004469144433959408 -0.000215077131358267 -0.9976609266433559 0.002986557870957708
0.723986991403338 -1.002316541587212 -0.001238045710672207 0.004592382031427245 -0.0001779254814357266 -0.9975132776385081 0.002518475553238581
0.7702913897382083 -1.002376033933223 -0.001011213848249155 0.004697787232652973 -0.0001412919009764987 -0.9973885672603301 0.002034192327455122
0.8175562747328905 -1.002424025102376 -0.0007718475007268967 0.004782245626216299 -0.0001054555990219361 -0.9972896538473116 0.001539592439479224
0.8648780306822565 -1.002458924293664 -0.0005262120751175135 0.00484337958270323 -7.079639755082276E-05 -0.9972186287666459 0.00104412176452714
0.9118946047671527 -1.002480381629198 -0.0002781513363768952 0.004880893650042691 -3.719589843777642E-05 -0.9971753299441121 0.0005516298281845379
0.9581798505222041 -1.002488526460544 -3.188872862113777E-05 0.004895203199156301 -4.557080074029334E-06 -0.9971589756806915 6.667946444260164E-05
1.003583336750514 -1.002483964361598 0.0002099210219830143 0.00488743081819912 2.739858110481963E-05 -0.9971681561238575 -0.0004090412369963127
1.047871702567943 -1.002467558920588 0.0004443854873015843 0.004859040874349903 5.885002362168393E-05 -0.9972012269929174 -0.0008729853629429714
1.090876360237773 -1.002440403952944 0.0006692150681285694 0.004811814648328651 8.996410790050995E-05 -0.9972563062179177 -0.001323311738431724
1.132525496169109 -1.00240367731786 0.0008829080585743268 0.004747621266887804 0.0001209116826196115 -0.9973315074062188 -0.001759229489009795
1.172747390509371 -1.002358616738234 0.001084235848001015 0.004668399137812037 0.0001517980113790728 -0.9974249325047395 -0.002179988561471703
1.211552199098128 -1.002306380767761 0.001272630586650152 0.004575932129408871 0.0001827298903071748 -0.9975349120751985 -0.002585733672729872
1.248921578972583 -1.002248128899235 0.00144759839090057 0.004472006153165759 0.0002137387075059894 -0.9976598032110072 -0.002976344846564682
1.284859558349277 -1.002184948112153 0.001608948207446296 0.004358292923589505 0.0002448262869796764 -0.9977981118890538 -0.003351963231502677
1.319394126884357 -1.002117820782187 0.001756757399893876 0.004236300635990674 0.000275976340711061 -0.9979485435639346 -0.003713000158141471
1.352528902053727 -1.00204770669784 0.001891134304761942 0.004107529378141895 0.0003071189781979799 -0.9981098033571951 -0.004059624135840525
1.384315431917715 -1.001975391699445 0.002012494208015381 0.003973198566317983 0.0003382043416275302 -0.99828092858692 -0.004392509494387413
1.414764346625097 -1.001901673359842 0.002121176811621597 0.003834590396135422 0.000369125493726502 -0.9984608528560781 -0.004711899690867468
1.443929579115546 -1.001827171363409 0.002217748752060278 0.003692697766828519 0.0003998061774353201 -0.9986488516102974 -0.005018483095383657
1.471843630608965 -1.00175247979209 0.002302743715808606 0.003548507092523284 0.0004301416424794385 -0.9988441776704978 -0.00531270924141361
1.498550360992421 -1.001678091184717 0.002376763848887761 0.003402852972018706 0.000460036050185933 -0.9990462497383521 -0.005595128321458313
1.524087151093787 -1.001604447223308 0.002440410681767161 0.003256512538376435 0.0004893867539880644 -0.9992545251979529 -0.005866199535467741
1.548509678312749 -1.001531871870242 0.002494335423094901 0.003110068274394283 0.0005181154666729368 -0.9994686976476759 -0.006126551343577284
1.571857556871157 -1.001460675175146 0.002539143169647477 0.002964109436809015 0.0005461308658054444 -0.9996884139134682 -0.006376614849847269
1.594182130014209 -1.001391077023295 0.002575449971834395 0.002819074192351506 0.0005733623356974863 -0.9999135070437025 -0.00661691821981851
1.615514386295088 -1.001323311204533 0.002603821653680728 0.002675460578718038 0.0005997221004520228 -1.000143675384072 -0.006847740860613895
1.635906676668485 -1.001257499903735 0.002624835854113223 0.002533559724065538 0.0006251567693802867 -1.000378902260965 -0.007069562106523703
1.655403370988448 -1.001193749555199 0.002639028910847309 0.002393650209706641 0.0006496118090067134 -1.000619161973591 -0.007282745421464565
1.674038874426517 -1.001132163626809 0.002646903849968904 0.002256026089202805 0.0006730285902433639 -1.000864362458067 -0.007487514309274883
1.691858734641246 -1.001072777332725 0.002648942014431136 0.002120848508945268 0.0006953706668954346 -1.00111460806392 -0.007684183426489896
1.708892948149428 -1.001015649579994 0.002645592937246149 0.001988348310539334 0.000716589968211798 -1.001369838562189 -0.007872865067940809
1.725199611728754 -1.00096072031143 0.002637267502098007 0.001858492161480098 0.0007366805484729662 -1.001630475612379 -0.008053952029527278
1.740806112515971 -1.000908010992786 0.002624349917479129 0.001731444260518594 0.0007556045765671001 -1.00189653952871 -0.008227465513049165
1.755739838540118 -1.000857524822164 0.002607204833083006 0.001607338233545341 0.0007733306192660766 -1.002168065144307 -0.00839339406584886
1.770046800799302 -1.00080918591154 0.002586145938073813 0.001486119600055544 0.0007898544066996902 -1.002445473839002 -0.008551900242236975
1.783741563079746 -1.000763010658142 0.002561502908891318 0.001367969081883359 0.0008051396016854624 -1.002728628088394 -0.008702764571883402
1.796872299370399 -1.000718890099364 0.002533522809916461 0.001252752565600743 0.0008191916043837297 -1.003018107238896 -0.008846103729415723
1.809457488078018 -1.0006768051688 0.00250248011743986 0.001140567378980283 0.0008319856402600848 -1.003313915227098 -0.008981671051892931
1.821544138176108 -1.000636632953759 0.002468552481516542 0.001031233877382752 0.0008435276360809226 -1.003616772681869 -0.009109486506673453
1.833117660900974 -1.000598447668241 0.002432070787643713 0.0009251108534438702 0.0008537670508276802 -1.003925871299867 -0.009228881445618294
1.844228905986596 -1.000562099888194 0.002393158558522742 0.0008219462555839073 0.0008627166750453362 -1.004242076868057 -0.009339837547849922
1.854947211788005 -1.000527378548463 0.002351805844349112 0.0007212848094873146 0.0008703933168694735 -1.004567049338013 -0.009442427712512403
1.865266616333238 -1.000494315130718 0.002308246311780507 0.0006233572045227899 0.0008767515005258506 -1.004900340352988 -0.009535912311986807
1.875160092453372 -1.000463000381668 0.002262834664912726 0.000528595452010199 0.0008817452514441372 -1.005240567167921 -0.009619374463586659
1.884746461511227 -1.000433062052481 0.002215226938863302 0.0004360211689616772 0.0008853963654555356 -1.005591447388197 -0.009693042391620962
1.893938993963223 -1.000404771481451 0.00216604962264968 0.0003466239355426308 0.000887634902155736 -1.005949382278034 -0.009755433607406617
1.902819352831811 -1.000377872734193 0.002115076197652105 0.0002597588393389231 0.0008884512754802694 -1.006316948842042 -0.009806282502320128
1.911396209795938 -1.000352336924199 0.002062426721367481 0.0001754788216074508 0.0008878035800635713 -1.006694058097083 -0.009844677435203768
1.919715411291376 -1.000328025402369 0.002007968149208946 9.346560603320539E-05 0.0008856368547889901 -1.007082320666991 -0.009869736784182613
1.927618658181026 -1.000305385069131 0.001952967306294237 1.541197963770263E-05 0.0008819817701488418 -1.007473278346695 -0.009880184852182353
1.935201435254803 -1.00028411680179 0.001897043257690775 -5.949974683696102E-05 0.0008768162562596836 -1.007870088939192 -0.009875608198125994
1.942298293079438 -1.000264647602622 0.001841758862126962 -0.0001295254771694547 0.0008703206763618998 -1.008261967340494 -0.009856005950126999
1.949089083652523 -1.000246443823217 0.001786060062427645 -0.0001963463617005203 0.0008624154923374865 -1.008656543746194 -0.009820987208187297
1.955543530169246 -1.000229556207594 0.001730462384896589 -0.000259582338421511 0.0008531891537598248 -1.009050185763293 -0.009770565534843626
1.961665678602603 -1.000213937668851 0.001675225757076052 -0.0003192077683319685 0.0008427210148974245 -1.009440960143187 -0.009704936405340868
1.967517425737696 -1.000199397018655 0.001620056182303005 -0.0003757702370870888 0.0008309846696606042 -1.0098307504238 -0.009623662559924815
1.973123909079115 -1.00018584434216 0.001564937546588536 -0.0004294621042417456 0.0008179909835858096 -1.010219376638468 -0.009526479096643057
1.978536022696098 -1.000173134494212 0.001509553149456846 -0.0004807213643751458 0.0008036652328284671 -1.010608678181862 -0.009412426756420579
1.983749847931637 -1.000161257306269 0.001454106792149552 -0.00052946421410702 0.0007880542586479413 -1.010996733697464 -0.009281467337307787
1.988816931173067 -1.000150079220711 0.001398193243038903 -0.0005761254252691868 0.0007710300534312349 -1.011385783392578 -0.009132091907412168
1.993743016552538 -1.000139576011118 0.001341865375013873 -0.0006207060476208899 0.0007525822519986355 -1.011774737986661 -0.008963730337923468
1.998529504510932 -1.000129732492165 0.00128522665741401 -0.0006631716228284202 0.0007327239569736975 -1.012162063235592 -0.008776066943537726
2.003198651248017 -1.000120492014639 0.001228126409152294 -0.000703672610222562 0.0007113809656552613 -1.012547852759486 -0.008567979025344999
2.007767031584344 -1.000111814164084 0.001170458836551107 -0.0007423001103547055 0.0006884852710946883 -1.012931732840077 -0.00833836541483189
2.012174528269455 -1.000103798985118 0.001113112301097566 -0.0007785150408260465 0.0006643909762252928 -1.013306717734194 -0.008090497011277399
2.016565245987657 -1.00009617942706 0.001054299480799864 -0.0008134458859533595 0.0006383209224914926 -1.013683136415086 -0.007815986036594306
2.020847952050887 -1.00008911434822 0.0009953071415919851 -0.0008462958779992525 0.0006108064600558329 -1.01405116041974 -0.007519995697491526
2.025117808261323 -1.000082447236883 0.0009348954313549748 -0.0008777232460676618 0.000581237882723586 -1.014416754160888 -0.007195579411152877
2.02928796227767 -1.000076314321846 0.0008743677076883195 -0.0009070179795223471 0.0005502309764121931 -1.014770134101053 -0.006849164820022816
2.033411281890285 -1.000070632997014 0.0008130583625904058 -0.0009345020240110962 0.0005174530516865834 -1.015113345665374 -0.006476853908436822
2.037493221305408 -1.000065398002758 0.0007509653093913093 -0.0009601370577092847 0.0004828985604292187 -1.015444201706327 -0.006078363587708218
2.041569911425075 -1.000060570528202 0.0006876068919812091 -0.0009840543396115386 0.0004462915062030816 -1.015762708240473 -0.005650288419203943
2.045606846351829 -1.000056198459158 0.0006235974570753555 -0.001005958638436332 0.000407997256080684 -1.016063126540039 -0.005196770689279536
2.049574117558429 -1.000052310424392 0.0005595290838937227 -0.001025644653512832 0.0003684316193444134 -1.01634055432317 -0.004722837260939851
2.053485284178078 -1.000048885493121 0.0004953143101397161 -0.001043159344093146 0.0003276291843713077 -1.016593544408519 -0.004229134515064605
2.057331586462196 -1.000045922973536 0.0004312306271483893 -0.001058452956462137 0.0002858704681483246 -1.016819378556955 -0.003719369501357266
2.061106277114714 -1.000043415766551 0.0003675318364159876 -0.001071513897154897 0.0002434463762936465 -1.017016007003123 -0.003197510183727333
2.064819227507016 -1.000041344050762 0.0003041914660268392 -0.001082403770392039 0.0002004752679732251 -1.017182687811129 -0.002665486074356572
2.068497154723434 -1.000039684088782 0.0002408832770616395 -0.001091213457925995 0.000156870008872828 -1.017319410772333 -0.002122693931258457
2.072181141510882 -1.000038418068024 0.0001770164367453182 -0.00109801169576299 0.0001123510172164903 -1.017426114819535 -0.001566104485936039
2.075839372432775 -1.000037557871522 0.0001132605490290543 -0.001102714688561178 6.752124720735577E-05 -1.01750059190114 -0.001003749421271613
2.079501201379656 -1.000037095871977 4.922592576563192E-05 -0.00110534949913144 2.225256979348224E-05 -1.017542626312921 -0.0004345605502760283
2.083165266432402 -1.000037034782816 -1.494214459748795E-05 -0.001105893571678124 -2.320344808272019E-05 -1.017551494436685 0.0001377460398417335
2.086855390453068 -1.000037379132114 -7.953684262350167E-05 -0.001104322551887517 -6.890102311975429E-05 -1.017526731320948 0.0007132807062103906
2.090629523764802 -1.000038151500066 -0.0001454404919979678 -0.001100526469939356 -0.0001153009981199637 -1.017466819904502 0.001297247812929162
2.094537995163968 -1.000039396422757 -0.0002133779883463186 -0.00109428830096629 -0.000162725753220861 -1.017368915462177 0.001893028418617656
2.098711642317015 -1.000041220698562 -0.0002854166279496251 -0.001085084052993771 -0.0002123708656994964 -1.017225899792051 0.00251477286021609
2.103410026878355 -1.000043876737442 -0.000365686126844261 -0.001071668136975928 -0.0002666721754129336 -1.017020573162521 0.003191578641686752
2.107908201645771 -1.000047005587103 -0.000441525238882576 -0.001055905691554487 -0.0003167685943993014 -1.016784015671257 0.003811948169924838
2.112140277724158 -1.000050460236818 -0.0005118225613603616 -0.001038587426376914 -0.0003619778362098938 -1.016529790650462 0.004367582942576588
2.116307574325205 -1.00005433324515 -0.0005799212831066081 -0.001019296315079946 -0.0004045067100405059 -1.016253382987212 0.004885821799509912
2.120476680020822 -1.000058662424507 -0.0006468326142098959 -0.0009978983850956076 -0.0004449633258169401 -1.015954837219445 0.005374038740976915
2.124704564688008 -1.000063502370962 -0.000713356351392265 -0.0009741868576919422 -0.0004837778328348677 -1.015633495389264 0.00583730574257528
2.129023341757153 -1.000068898074339 -0.0007798510596422584 -0.0009480150339253225 -0.0005210859177868201 -1.01528986584802 0.006277074793436696
2.133442623030832 -1.000074874563814 -0.000846303771439461 -0.0009193445628180459 -0.0005568082877817619 -1.014926091715027 0.006692277124540887
2.138002784879771 -1.000081505215464 -0.0009131392178303095 -0.0008879184833986764 -0.0005910978215831989 -1.014541758078791 0.007084573506046535
2.142792692335135 -1.000088955455104 -0.0009814056449420263 -0.000853073307333876 -0.0006243705151299868 -1.014132215172191 0.007458462956728188
2.147850174792108 -1.000097336997723 -0.001051308687422708 -0.0008144391865479752 -0.0006565606990140087 -1.01369729149299 0.007812816992651772
2.153273242725154 -1.000106882928829 -0.001123773854630682 -0.0007711373245854301 -0.0006878830627932908 -1.013232147800641 0.008149484923802458
2.158670867524497 -1.00011692762804 -0.001193352905227855 -0.0007263386667045979 -0.0007159682478145341 -1.012773994175395 0.008443340545805884
2.164003381730226 -1.000127354547373 -0.001259628676191082 -0.0006806235467802087 -0.0007408896563633408 -1.012328878589296 0.008696602131683523
2.169357599510612 -1.00013829959819 -0.001323753837969372 -0.0006334552513798413 -0.000763291617314522 -1.011891594150733 0.008917149436631168
2.174734353065718 -1.000149743856352 -0.001385762334380343 -0.0005849842282719673 -0.0007833473454374926 -1.01146377364899 0.009107812153889285
2.18020183206578 -1.000161820807694 -0.001446428277845793 -0.0005347229757226506 -0.0008014355160304514 -1.011041497819474 0.009273181771621116
2.18577410215683 -1.00017455941956 -0.001505850777827135 -0.0004826428135535141 -0.0008176790206989387 -1.010625149848942 0.009415228530014768
2.191451564236922 -1.000187959344947 -0.001563976940366187 -0.000428835907135397 -0.0008321528869342956 -1.0102159554001 0.009535451491830804
2.197296831659616 -1.00020217293713 -0.00162135951316132 -0.0003727931928351002 -0.0008450633585021752 -1.009810672649986 0.009636324834106333
2.203297616775792 -1.000217178867154 -0.001677766857579814 -0.0003147107983382828 -0.00085641231440888 -1.009411419749672 0.009718567997913187
2.209482403210544 -1.000233056865569 -0.00173335498674212 -0.0002543930051655485 -0.0008662842883870973 -1.009017439122981 0.00978351248654776
2.215893131624699 -1.00024992819805 -0.001788355146207461 -0.0001915077840611927 -0.0008747555935420149 -1.008627306726019 0.009832302238143707
2.222537937440204 -1.000267830428153 -0.001842670737333675 -0.0001260543568495527 -0.0008818369857826186 -1.008241803937799 0.009865604166759833
2.229426072471555 -1.00028680373452 -0.001896210803489539 -5.802630938543236E-05 -0.0008875432073718935 -1.007861559437028 0.009884119450442937
2.235294882448514 -1.000303280925783 -0.001939703687143557 -1.369329869141764E-18 -0.0008912253231021462 -1.007552395444842 0.009888768689909077
